
>>> Resolvendo problema de MAX <<<

--- Iteracao 0 ---
     x1 |      x2 |      x3 |      x4 |  x5_neg |  x5_pos |      s1 |      s2 |      s3 |      s4 |      e1 |      e2 |      e3 |      e4 |      e5 |      a1 |      a2 |      a3 |      a4 |      a5 |      a6 |     Sol
-------------------------------------------------------------------------------------------------------------------------------------------------------------------------------------------------------------------------
 Z  | -280000003.0 | -220000002.0 | -260000010.0 | 260000000.0 | 260000002.0 | -260000002.0 |     0.0 |     0.0 |     0.0 |     0.0 | 10000000.0 | 10000000.0 | 10000000.0 | 10000000.0 | 10000000.0 |     0.0 |     0.0 |     0.0 |     0.0 |     0.0 |     0.0 | -1790000000.0
s1  |     3.0 |     1.0 |     7.0 |   -10.0 |    -0.0 |     0.0 |     1.0 |     0.0 |     0.0 |     0.0 |     0.0 |     0.0 |     0.0 |     0.0 |     0.0 |     0.0 |     0.0 |     0.0 |     0.0 |     0.0 |     0.0 |     6.0
a1  |     1.0 |     0.0 |     7.0 |    -0.0 |    -9.0 |     9.0 |     0.0 |     0.0 |     0.0 |     0.0 |    -1.0 |     0.0 |     0.0 |     0.0 |     0.0 |     1.0 |     0.0 |     0.0 |     0.0 |     0.0 |     0.0 |    46.0
a2  |     8.0 |     0.0 |     1.0 |    -1.0 |    -1.0 |     1.0 |     0.0 |     0.0 |     0.0 |     0.0 |     0.0 |    -1.0 |     0.0 |     0.0 |     0.0 |     0.0 |     1.0 |     0.0 |     0.0 |     0.0 |     0.0 |    25.0
s2  |     3.0 |     3.0 |     1.0 |    -3.0 |    -9.0 |     9.0 |     0.0 |     1.0 |     0.0 |     0.0 |     0.0 |     0.0 |     0.0 |     0.0 |     0.0 |     0.0 |     0.0 |     0.0 |     0.0 |     0.0 |     0.0 |    29.0
a3  |     4.0 |     4.0 |     8.0 |    -7.0 |    -0.0 |     0.0 |     0.0 |     0.0 |     0.0 |     0.0 |     0.0 |     0.0 |     0.0 |     0.0 |     0.0 |     0.0 |     0.0 |     1.0 |     0.0 |     0.0 |     0.0 |    19.0
s3  |     1.0 |    10.0 |     5.0 |   -10.0 |    -4.0 |     4.0 |     0.0 |     0.0 |     1.0 |     0.0 |     0.0 |     0.0 |     0.0 |     0.0 |     0.0 |     0.0 |     0.0 |     0.0 |     0.0 |     0.0 |     0.0 |    30.0
a4  |     0.0 |     6.0 |     1.0 |    -5.0 |    -2.0 |     2.0 |     0.0 |     0.0 |     0.0 |     0.0 |     0.0 |     0.0 |    -1.0 |     0.0 |     0.0 |     0.0 |     0.0 |     0.0 |     1.0 |     0.0 |     0.0 |    50.0
a5  |     7.0 |     5.0 |     4.0 |    -3.0 |    -8.0 |     8.0 |     0.0 |     0.0 |     0.0 |     0.0 |     0.0 |     0.0 |     0.0 |    -1.0 |     0.0 |     0.0 |     0.0 |     0.0 |     0.0 |     1.0 |     0.0 |     6.0
a6  |     8.0 |     7.0 |     5.0 |   -10.0 |    -6.0 |     6.0 |     0.0 |     0.0 |     0.0 |     0.0 |     0.0 |     0.0 |     0.0 |     0.0 |    -1.0 |     0.0 |     0.0 |     0.0 |     0.0 |     0.0 |     1.0 |    33.0
s4  |     4.0 |     7.0 |     4.0 |    -3.0 |    -8.0 |     8.0 |     0.0 |     0.0 |     0.0 |     1.0 |     0.0 |     0.0 |     0.0 |     0.0 |     0.0 |     0.0 |     0.0 |     0.0 |     0.0 |     0.0 |     0.0 |     6.0

>>> Problema INFACTÍVEL! <<<
Não existe solução que satisfaça todas as restrições simultaneamente.
