
>>> Resolvendo problema de MAX <<<

--- Iteracao 0 ---
     x1 |      x2 |      x3 |      x4 |      x5 |      x6 |      x7 |  x8_neg |  x8_pos |      x9 |     x10 |      s1 |      s2 |      s3 |      s4 |      s5 |      s6 |      s7 |      s8 |      s9 |     s10 |     s11 |     s12 |     s13 |     s14 |     s15 |     s16 |     s17 |     s18 |     s19 |     s20 |     s21 |     s22 |     s23 |     s24 |     s25 |     s26 |     s27 |     s28 |      e1 |      a1 |      a2 |     Sol
-------------------------------------------------------------------------------------------------------------------------------------------------------------------------------------------------------------------------------------------------------------------------------------------------------------------------------------------------------------------------------------------------------------------------------------------
 Z  | -90000001.0 | 60000007.0 | 80000007.0 | -140000008.0 | -50000004.0 | -50000006.0 | -70000001.0 | 80000010.0 | -80000010.0 | -80000009.0 | -120000008.0 |     0.0 |     0.0 |     0.0 |     0.0 |     0.0 |     0.0 |     0.0 |     0.0 |     0.0 |     0.0 |     0.0 |     0.0 |     0.0 |     0.0 |     0.0 |     0.0 |     0.0 |     0.0 |     0.0 |     0.0 |     0.0 |     0.0 |     0.0 |     0.0 |     0.0 |     0.0 |     0.0 |     0.0 | 10000000.0 |     0.0 |     0.0 | -430000000.0
a1  |     6.0 |    -2.0 |    -6.0 |     7.0 |     0.0 |     2.0 |     2.0 |    -5.0 |     5.0 |     5.0 |    10.0 |     0.0 |     0.0 |     0.0 |     0.0 |     0.0 |     0.0 |     0.0 |     0.0 |     0.0 |     0.0 |     0.0 |     0.0 |     0.0 |     0.0 |     0.0 |     0.0 |     0.0 |     0.0 |     0.0 |     0.0 |     0.0 |     0.0 |     0.0 |     0.0 |     0.0 |     0.0 |     0.0 |     0.0 |     0.0 |     1.0 |     0.0 |     5.0
s1  |     0.0 |    -9.0 |   -10.0 |     9.0 |     3.0 |     3.0 |     4.0 |    -6.0 |     6.0 |     6.0 |     8.0 |     1.0 |     0.0 |     0.0 |     0.0 |     0.0 |     0.0 |     0.0 |     0.0 |     0.0 |     0.0 |     0.0 |     0.0 |     0.0 |     0.0 |     0.0 |     0.0 |     0.0 |     0.0 |     0.0 |     0.0 |     0.0 |     0.0 |     0.0 |     0.0 |     0.0 |     0.0 |     0.0 |     0.0 |     0.0 |     0.0 |     0.0 |    60.0
s2  |     1.0 |    -4.0 |    -1.0 |     8.0 |     6.0 |     0.0 |     6.0 |    -8.0 |     8.0 |     4.0 |     4.0 |     0.0 |     1.0 |     0.0 |     0.0 |     0.0 |     0.0 |     0.0 |     0.0 |     0.0 |     0.0 |     0.0 |     0.0 |     0.0 |     0.0 |     0.0 |     0.0 |     0.0 |     0.0 |     0.0 |     0.0 |     0.0 |     0.0 |     0.0 |     0.0 |     0.0 |     0.0 |     0.0 |     0.0 |     0.0 |     0.0 |     0.0 |    33.0
s3  |     3.0 |    -5.0 |    -3.0 |     2.0 |    10.0 |     4.0 |     0.0 |    -1.0 |     1.0 |     7.0 |     7.0 |     0.0 |     0.0 |     1.0 |     0.0 |     0.0 |     0.0 |     0.0 |     0.0 |     0.0 |     0.0 |     0.0 |     0.0 |     0.0 |     0.0 |     0.0 |     0.0 |     0.0 |     0.0 |     0.0 |     0.0 |     0.0 |     0.0 |     0.0 |     0.0 |     0.0 |     0.0 |     0.0 |     0.0 |     0.0 |     0.0 |     0.0 |    57.0
s4  |     7.0 |    -2.0 |    -3.0 |     2.0 |     9.0 |    10.0 |     6.0 |    -6.0 |     6.0 |     9.0 |     1.0 |     0.0 |     0.0 |     0.0 |     1.0 |     0.0 |     0.0 |     0.0 |     0.0 |     0.0 |     0.0 |     0.0 |     0.0 |     0.0 |     0.0 |     0.0 |     0.0 |     0.0 |     0.0 |     0.0 |     0.0 |     0.0 |     0.0 |     0.0 |     0.0 |     0.0 |     0.0 |     0.0 |     0.0 |     0.0 |     0.0 |     0.0 |    64.0
s5  |     6.0 |   -10.0 |    -8.0 |     5.0 |     9.0 |     4.0 |     8.0 |    -2.0 |     2.0 |     9.0 |     5.0 |     0.0 |     0.0 |     0.0 |     0.0 |     1.0 |     0.0 |     0.0 |     0.0 |     0.0 |     0.0 |     0.0 |     0.0 |     0.0 |     0.0 |     0.0 |     0.0 |     0.0 |     0.0 |     0.0 |     0.0 |     0.0 |     0.0 |     0.0 |     0.0 |     0.0 |     0.0 |     0.0 |     0.0 |     0.0 |     0.0 |     0.0 |    67.0
s6  |     7.0 |    -2.0 |   -10.0 |     9.0 |     3.0 |     5.0 |     8.0 |    -6.0 |     6.0 |     4.0 |     6.0 |     0.0 |     0.0 |     0.0 |     0.0 |     0.0 |     1.0 |     0.0 |     0.0 |     0.0 |     0.0 |     0.0 |     0.0 |     0.0 |     0.0 |     0.0 |     0.0 |     0.0 |     0.0 |     0.0 |     0.0 |     0.0 |     0.0 |     0.0 |     0.0 |     0.0 |     0.0 |     0.0 |     0.0 |     0.0 |     0.0 |     0.0 |    35.0
s7  |     8.0 |    -7.0 |    -4.0 |     0.0 |     5.0 |     7.0 |     0.0 |    -5.0 |     5.0 |     4.0 |     4.0 |     0.0 |     0.0 |     0.0 |     0.0 |     0.0 |     0.0 |     1.0 |     0.0 |     0.0 |     0.0 |     0.0 |     0.0 |     0.0 |     0.0 |     0.0 |     0.0 |     0.0 |     0.0 |     0.0 |     0.0 |     0.0 |     0.0 |     0.0 |     0.0 |     0.0 |     0.0 |     0.0 |     0.0 |     0.0 |     0.0 |     0.0 |    42.0
s8  |     4.0 |    -0.0 |    -3.0 |     3.0 |     1.0 |     6.0 |     6.0 |    -2.0 |     2.0 |     6.0 |     7.0 |     0.0 |     0.0 |     0.0 |     0.0 |     0.0 |     0.0 |     0.0 |     1.0 |     0.0 |     0.0 |     0.0 |     0.0 |     0.0 |     0.0 |     0.0 |     0.0 |     0.0 |     0.0 |     0.0 |     0.0 |     0.0 |     0.0 |     0.0 |     0.0 |     0.0 |     0.0 |     0.0 |     0.0 |     0.0 |     0.0 |     0.0 |    22.0
s9  |     2.0 |   -10.0 |    -6.0 |     6.0 |     4.0 |     4.0 |     4.0 |    -9.0 |     9.0 |     3.0 |    10.0 |     0.0 |     0.0 |     0.0 |     0.0 |     0.0 |     0.0 |     0.0 |     0.0 |     1.0 |     0.0 |     0.0 |     0.0 |     0.0 |     0.0 |     0.0 |     0.0 |     0.0 |     0.0 |     0.0 |     0.0 |     0.0 |     0.0 |     0.0 |     0.0 |     0.0 |     0.0 |     0.0 |     0.0 |     0.0 |     0.0 |     0.0 |    74.0
s10 |     1.0 |    -8.0 |   -10.0 |     1.0 |     5.0 |    10.0 |     7.0 |   -10.0 |    10.0 |     8.0 |    10.0 |     0.0 |     0.0 |     0.0 |     0.0 |     0.0 |     0.0 |     0.0 |     0.0 |     0.0 |     1.0 |     0.0 |     0.0 |     0.0 |     0.0 |     0.0 |     0.0 |     0.0 |     0.0 |     0.0 |     0.0 |     0.0 |     0.0 |     0.0 |     0.0 |     0.0 |     0.0 |     0.0 |     0.0 |     0.0 |     0.0 |     0.0 |    49.0
s11 |     4.0 |    -2.0 |    -0.0 |     8.0 |     1.0 |     9.0 |     4.0 |   -10.0 |    10.0 |     0.0 |    10.0 |     0.0 |     0.0 |     0.0 |     0.0 |     0.0 |     0.0 |     0.0 |     0.0 |     0.0 |     0.0 |     1.0 |     0.0 |     0.0 |     0.0 |     0.0 |     0.0 |     0.0 |     0.0 |     0.0 |     0.0 |     0.0 |     0.0 |     0.0 |     0.0 |     0.0 |     0.0 |     0.0 |     0.0 |     0.0 |     0.0 |     0.0 |    89.0
s12 |     0.0 |    -5.0 |    -7.0 |     2.0 |    10.0 |     3.0 |     5.0 |    -2.0 |     2.0 |     6.0 |     5.0 |     0.0 |     0.0 |     0.0 |     0.0 |     0.0 |     0.0 |     0.0 |     0.0 |     0.0 |     0.0 |     0.0 |     1.0 |     0.0 |     0.0 |     0.0 |     0.0 |     0.0 |     0.0 |     0.0 |     0.0 |     0.0 |     0.0 |     0.0 |     0.0 |     0.0 |     0.0 |     0.0 |     0.0 |     0.0 |     0.0 |     0.0 |    73.0
s13 |    10.0 |    -8.0 |    -2.0 |     3.0 |     0.0 |     6.0 |     7.0 |    -7.0 |     7.0 |     8.0 |     3.0 |     0.0 |     0.0 |     0.0 |     0.0 |     0.0 |     0.0 |     0.0 |     0.0 |     0.0 |     0.0 |     0.0 |     0.0 |     1.0 |     0.0 |     0.0 |     0.0 |     0.0 |     0.0 |     0.0 |     0.0 |     0.0 |     0.0 |     0.0 |     0.0 |     0.0 |     0.0 |     0.0 |     0.0 |     0.0 |     0.0 |     0.0 |    64.0
s14 |     4.0 |   -10.0 |   -10.0 |     4.0 |     9.0 |     6.0 |     4.0 |    -3.0 |     3.0 |     1.0 |     5.0 |     0.0 |     0.0 |     0.0 |     0.0 |     0.0 |     0.0 |     0.0 |     0.0 |     0.0 |     0.0 |     0.0 |     0.0 |     0.0 |     1.0 |     0.0 |     0.0 |     0.0 |     0.0 |     0.0 |     0.0 |     0.0 |     0.0 |     0.0 |     0.0 |     0.0 |     0.0 |     0.0 |     0.0 |     0.0 |     0.0 |     0.0 |    36.0
s15 |     3.0 |    -9.0 |    -2.0 |     0.0 |     7.0 |     5.0 |     1.0 |    -8.0 |     8.0 |     4.0 |     8.0 |     0.0 |     0.0 |     0.0 |     0.0 |     0.0 |     0.0 |     0.0 |     0.0 |     0.0 |     0.0 |     0.0 |     0.0 |     0.0 |     0.0 |     1.0 |     0.0 |     0.0 |     0.0 |     0.0 |     0.0 |     0.0 |     0.0 |     0.0 |     0.0 |     0.0 |     0.0 |     0.0 |     0.0 |     0.0 |     0.0 |     0.0 |    44.0
s16 |     2.0 |    -7.0 |    -8.0 |     3.0 |     2.0 |     5.0 |     9.0 |    -3.0 |     3.0 |     3.0 |     6.0 |     0.0 |     0.0 |     0.0 |     0.0 |     0.0 |     0.0 |     0.0 |     0.0 |     0.0 |     0.0 |     0.0 |     0.0 |     0.0 |     0.0 |     0.0 |     1.0 |     0.0 |     0.0 |     0.0 |     0.0 |     0.0 |     0.0 |     0.0 |     0.0 |     0.0 |     0.0 |     0.0 |     0.0 |     0.0 |     0.0 |     0.0 |    29.0
s17 |     1.0 |    -7.0 |    -9.0 |     6.0 |     9.0 |     0.0 |     3.0 |    -7.0 |     7.0 |     5.0 |     9.0 |     0.0 |     0.0 |     0.0 |     0.0 |     0.0 |     0.0 |     0.0 |     0.0 |     0.0 |     0.0 |     0.0 |     0.0 |     0.0 |     0.0 |     0.0 |     0.0 |     1.0 |     0.0 |     0.0 |     0.0 |     0.0 |     0.0 |     0.0 |     0.0 |     0.0 |     0.0 |     0.0 |     0.0 |     0.0 |     0.0 |     0.0 |    28.0
s18 |     8.0 |    -8.0 |    -7.0 |     9.0 |     3.0 |     3.0 |     7.0 |    -1.0 |     1.0 |     2.0 |     9.0 |     0.0 |     0.0 |     0.0 |     0.0 |     0.0 |     0.0 |     0.0 |     0.0 |     0.0 |     0.0 |     0.0 |     0.0 |     0.0 |     0.0 |     0.0 |     0.0 |     0.0 |     1.0 |     0.0 |     0.0 |     0.0 |     0.0 |     0.0 |     0.0 |     0.0 |     0.0 |     0.0 |     0.0 |     0.0 |     0.0 |     0.0 |    87.0
s19 |     3.0 |    -8.0 |    -5.0 |     6.0 |     9.0 |     2.0 |     0.0 |    -3.0 |     3.0 |    10.0 |     0.0 |     0.0 |     0.0 |     0.0 |     0.0 |     0.0 |     0.0 |     0.0 |     0.0 |     0.0 |     0.0 |     0.0 |     0.0 |     0.0 |     0.0 |     0.0 |     0.0 |     0.0 |     0.0 |     1.0 |     0.0 |     0.0 |     0.0 |     0.0 |     0.0 |     0.0 |     0.0 |     0.0 |     0.0 |     0.0 |     0.0 |     0.0 |   100.0
s20 |     9.0 |    -8.0 |    -6.0 |    10.0 |     5.0 |    10.0 |     7.0 |    -2.0 |     2.0 |     6.0 |     2.0 |     0.0 |     0.0 |     0.0 |     0.0 |     0.0 |     0.0 |     0.0 |     0.0 |     0.0 |     0.0 |     0.0 |     0.0 |     0.0 |     0.0 |     0.0 |     0.0 |     0.0 |     0.0 |     0.0 |     1.0 |     0.0 |     0.0 |     0.0 |     0.0 |     0.0 |     0.0 |     0.0 |     0.0 |     0.0 |     0.0 |     0.0 |    43.0
s21 |     1.0 |    -9.0 |    -0.0 |    10.0 |     3.0 |     6.0 |     5.0 |    -6.0 |     6.0 |     9.0 |     4.0 |     0.0 |     0.0 |     0.0 |     0.0 |     0.0 |     0.0 |     0.0 |     0.0 |     0.0 |     0.0 |     0.0 |     0.0 |     0.0 |     0.0 |     0.0 |     0.0 |     0.0 |     0.0 |     0.0 |     0.0 |     1.0 |     0.0 |     0.0 |     0.0 |     0.0 |     0.0 |     0.0 |     0.0 |     0.0 |     0.0 |     0.0 |    78.0
s22 |     7.0 |    -3.0 |    -6.0 |     7.0 |     4.0 |    10.0 |     5.0 |    -1.0 |     1.0 |     3.0 |     8.0 |     0.0 |     0.0 |     0.0 |     0.0 |     0.0 |     0.0 |     0.0 |     0.0 |     0.0 |     0.0 |     0.0 |     0.0 |     0.0 |     0.0 |     0.0 |     0.0 |     0.0 |     0.0 |     0.0 |     0.0 |     0.0 |     1.0 |     0.0 |     0.0 |     0.0 |     0.0 |     0.0 |     0.0 |     0.0 |     0.0 |     0.0 |    87.0
s23 |     3.0 |    -0.0 |    -9.0 |     5.0 |     0.0 |    10.0 |     6.0 |   -10.0 |    10.0 |     6.0 |    10.0 |     0.0 |     0.0 |     0.0 |     0.0 |     0.0 |     0.0 |     0.0 |     0.0 |     0.0 |     0.0 |     0.0 |     0.0 |     0.0 |     0.0 |     0.0 |     0.0 |     0.0 |     0.0 |     0.0 |     0.0 |     0.0 |     0.0 |     1.0 |     0.0 |     0.0 |     0.0 |     0.0 |     0.0 |     0.0 |     0.0 |     0.0 |     7.0
s24 |     9.0 |    -4.0 |    -5.0 |    10.0 |     7.0 |     7.0 |     9.0 |    -5.0 |     5.0 |     0.0 |     5.0 |     0.0 |     0.0 |     0.0 |     0.0 |     0.0 |     0.0 |     0.0 |     0.0 |     0.0 |     0.0 |     0.0 |     0.0 |     0.0 |     0.0 |     0.0 |     0.0 |     0.0 |     0.0 |     0.0 |     0.0 |     0.0 |     0.0 |     0.0 |     1.0 |     0.0 |     0.0 |     0.0 |     0.0 |     0.0 |     0.0 |     0.0 |    97.0
s25 |     4.0 |    -7.0 |    -7.0 |     2.0 |     0.0 |     1.0 |     6.0 |    -0.0 |     0.0 |    10.0 |     6.0 |     0.0 |     0.0 |     0.0 |     0.0 |     0.0 |     0.0 |     0.0 |     0.0 |     0.0 |     0.0 |     0.0 |     0.0 |     0.0 |     0.0 |     0.0 |     0.0 |     0.0 |     0.0 |     0.0 |     0.0 |     0.0 |     0.0 |     0.0 |     0.0 |     1.0 |     0.0 |     0.0 |     0.0 |     0.0 |     0.0 |     0.0 |    68.0
s26 |     3.0 |    -0.0 |    -2.0 |     5.0 |     5.0 |     7.0 |    10.0 |    -5.0 |     5.0 |     5.0 |    10.0 |     0.0 |     0.0 |     0.0 |     0.0 |     0.0 |     0.0 |     0.0 |     0.0 |     0.0 |     0.0 |     0.0 |     0.0 |     0.0 |     0.0 |     0.0 |     0.0 |     0.0 |     0.0 |     0.0 |     0.0 |     0.0 |     0.0 |     0.0 |     0.0 |     0.0 |     1.0 |     0.0 |     0.0 |     0.0 |     0.0 |     0.0 |    54.0
s27 |     4.0 |   -10.0 |    -7.0 |     9.0 |    10.0 |     4.0 |     5.0 |    -6.0 |     6.0 |     7.0 |     9.0 |     0.0 |     0.0 |     0.0 |     0.0 |     0.0 |     0.0 |     0.0 |     0.0 |     0.0 |     0.0 |     0.0 |     0.0 |     0.0 |     0.0 |     0.0 |     0.0 |     0.0 |     0.0 |     0.0 |     0.0 |     0.0 |     0.0 |     0.0 |     0.0 |     0.0 |     0.0 |     1.0 |     0.0 |     0.0 |     0.0 |     0.0 |    48.0
s28 |     4.0 |    -0.0 |    -8.0 |     3.0 |     0.0 |     7.0 |     4.0 |    -5.0 |     5.0 |    10.0 |     5.0 |     0.0 |     0.0 |     0.0 |     0.0 |     0.0 |     0.0 |     0.0 |     0.0 |     0.0 |     0.0 |     0.0 |     0.0 |     0.0 |     0.0 |     0.0 |     0.0 |     0.0 |     0.0 |     0.0 |     0.0 |     0.0 |     0.0 |     0.0 |     0.0 |     0.0 |     0.0 |     0.0 |     1.0 |     0.0 |     0.0 |     0.0 |    44.0
a2  |     3.0 |    -4.0 |    -2.0 |     7.0 |     5.0 |     3.0 |     5.0 |    -3.0 |     3.0 |     3.0 |     2.0 |     0.0 |     0.0 |     0.0 |     0.0 |     0.0 |     0.0 |     0.0 |     0.0 |     0.0 |     0.0 |     0.0 |     0.0 |     0.0 |     0.0 |     0.0 |     0.0 |     0.0 |     0.0 |     0.0 |     0.0 |     0.0 |     0.0 |     0.0 |     0.0 |     0.0 |     0.0 |     0.0 |     0.0 |    -1.0 |     0.0 |     1.0 |    38.0

Solução

FO: 8.9
x1 = 0.0
x2 = -4.3
x3 = -0.8
x4 = 3.6
x5 = 6.5
x6 = 1.7
x7 = 0.0
x8 = -2.2
x9 = 0.2
x10 = 0.0

R1 = 5.0 <= 5.0 <= 5.0
R2 = None <= -2.2 <= 60.0
R3 = None <= 33.0 <= 33.0
R4 = None <= 54.3 <= 57.0
R5 = None <= 60.6 <= 64.0
R6 = None <= 30.9 <= 67.0
R7 = None <= 31.2 <= 35.0
R8 = None <= 0.8 <= 42.0
R9 = None <= 22.0 <= 22.0
R10 = None <= -13.0 <= 74.0
R11 = None <= -10.0 <= 49.0
R12 = None <= 20.3 <= 89.0
R13 = None <= 46.8 <= 73.0
R14 = None <= -29.0 <= 64.0
R15 = None <= 25.3 <= 36.0
R16 = None <= -3.2 <= 44.0
R17 = None <= -10.6 <= 29.0
R18 = None <= 28.0 <= 28.0
R19 = None <= 14.8 <= 87.0
R20 = None <= 40.3 <= 100.0
R21 = None <= 43.0 <= 43.0
R22 = None <= 15.6 <= 78.0
R23 = None <= 49.0 <= 87.0
R24 = None <= 7.0 <= 7.0
R25 = None <= 61.3 <= 97.0
R26 = None <= -25.3 <= 68.0
R27 = None <= 51.1 <= 54.0
R28 = None <= 43.5 <= 48.0
R29 = None <= 7.2 <= 44.0
R30 = 38.0 <= 38.0 <= None

Status: ÓTIMO
